100 0.68055
600 0.988417
1100 1.01641
1600 0.899298
2100 0.990732
2600 1.01708
3100 0.969077
3600 0.877693
4100 0.995926
4600 0.900354
5100 0.955057
5600 0.961797
6100 0.897305
6600 0.870573
7100 0.896901
7600 0.946629
8100 0.959011
8600 0.950734
9100 0.950846
9600 0.949934
10100 0.954887
10600 0.940112
11100 0.912655
11600 0.970537
12100 0.967393
12600 0.940578
13100 0.941043
13600 0.951483
14100 0.927395
14600 0.952903
15100 0.950323
15600 0.941053
16100 0.980668
16600 0.944101
17100 0.921613
17600 0.931336
18100 0.972214
18600 0.971691
19100 0.942182
19600 0.925091
20100 0.94416
20600 0.948616
21100 0.958391
21600 0.916851
22100 0.958136
22600 0.956297
23100 0.951591
23600 0.951616
24100 0.953657
24600 0.966681
25100 0.924184
25600 0.92778
26100 0.948746
26600 0.953573
27100 0.960375
27600 0.947556
28100 0.953185
28600 0.960656
29100 0.945486
29600 0.946594
30100 0.95025
30600 0.94203
31100 0.920008
31600 0.920219
32100 0.984026
32600 0.959688
33100 0.978969
33600 0.940385
34100 0.964516
34600 0.944396
35100 0.94313
35600 0.915137
36100 0.951207
36600 0.948307
37100 0.947843
37600 0.962905
38100 0.940062
38600 0.949797
39100 0.955306
39600 0.955519
40100 0.93318
40600 0.952338
41100 0.933183
41600 0.932016
42100 0.939422
42600 0.951902
43100 0.924392
43600 0.936982
44100 0.940247
44600 0.959134
45100 0.93104
45600 0.955797
46100 0.953866
46600 0.970753
47100 0.9557
47600 0.95281
48100 0.94331
48600 0.95521
49100 0.96964
49600 0.939872
50100 0.936508
50600 0.962607
51100 0.939489
51600 0.957141
52100 0.945716
52600 0.957797
53100 0.950243
53600 0.943736
54100 0.958376
54600 0.955832
55100 0.955628
55600 0.939865
56100 0.937727
56600 0.956754
57100 0.927604
57600 0.931705
58100 0.943767
58600 0.950314
59100 0.959876
59600 0.952476
60100 0.935331
60600 0.964032
61100 0.952642
61600 0.962113
62100 0.967987
62600 0.953111
63100 0.940012
63600 0.942864
64100 0.958108
64600 0.940158
65100 0.942495
65600 0.931902
66100 0.965595
66600 0.949149
67100 0.971054
67600 0.943306
68100 0.941805
68600 0.931256
69100 0.946607
69600 0.937152
70100 0.934351
70600 0.942882
71100 0.95225
71600 0.930528
72100 0.930682
72600 0.940074
73100 0.923802
73600 0.943021
74100 0.953845
74600 0.95071
75100 0.944381
75600 0.956782
76100 0.943213
76600 0.967644
77100 0.92064
77600 0.946906
78100 0.960637
78600 0.938941
79100 0.937184
79600 0.947542
80100 0.933131
80600 0.962805
81100 0.951115
81600 0.933968
82100 0.945688
82600 0.953381
83100 0.935829
83600 0.942094
84100 0.965162
84600 0.93475
85100 0.930629
85600 0.938822
86100 0.936193
86600 0.942576
87100 0.939286
87600 0.948907
88100 0.934473
88600 0.940611
89100 0.94679
89600 0.937166
90100 0.952575
90600 0.945387
91100 0.950016
91600 0.935596
92100 0.950363
92600 0.937567
93100 0.941617
93600 0.936067
94100 0.958886
94600 0.944465
95100 0.947678
95600 0.961637
96100 0.942875
96600 0.955708
97100 0.940474
97600 0.936951
98100 0.96597
98600 0.930308
99100 0.949355
99600 0.932778
