100 0.9625
600 0.939583
1100 0.952273
1600 0.941406
2100 0.945833
2600 0.934135
3100 0.956855
3600 0.953472
4100 0.937805
4600 0.946196
5100 0.957108
5600 0.944866
6100 0.93627
6600 0.943371
7100 0.942606
7600 0.946053
8100 0.941049
8600 0.947529
9100 0.939835
9600 0.952604
10100 0.946658
10600 0.941863
11100 0.940991
11600 0.945043
12100 0.941632
12600 0.941369
13100 0.941126
13600 0.954412
14100 0.94211
14600 0.944264
15100 0.952152
15600 0.949359
16100 0.936491
16600 0.945708
17100 0.944518
17600 0.946733
18100 0.937914
18600 0.94953
19100 0.936453
19600 0.948278
20100 0.942289
20600 0.947209
21100 0.947334
21600 0.951273
22100 0.946663
22600 0.952765
23100 0.944426
23600 0.939301
24100 0.944554
24600 0.940854
25100 0.947759
25600 0.94375
26100 0.944013
26600 0.949953
27100 0.946771
27600 0.945335
28100 0.940925
28600 0.95035
29100 0.938832
29600 0.944806
30100 0.951703
30600 0.946732
31100 0.943449
31600 0.946044
32100 0.946417
32600 0.94513
33100 0.939955
33600 0.944196
34100 0.950953
34600 0.94534
35100 0.944551
35600 0.940169
36100 0.944564
36600 0.941701
37100 0.942284
37600 0.944149
38100 0.939862
38600 0.944883
39100 0.939066
39600 0.94315
40100 0.943734
40600 0.946336
41100 0.945529
41600 0.944111
42100 0.944477
42600 0.939671
43100 0.94652
43600 0.942374
44100 0.94263
44600 0.943105
45100 0.945205
45600 0.945121
46100 0.946041
46600 0.949839
47100 0.944958
47600 0.951838
48100 0.945374
48600 0.942644
49100 0.942693
49600 0.946094
50100 0.937874
50600 0.941255
51100 0.946013
51600 0.946705
52100 0.948752
52600 0.946103
53100 0.946846
53600 0.943587
54100 0.942837
54600 0.943521
55100 0.941969
55600 0.943638
56100 0.942447
56600 0.946489
57100 0.943958
57600 0.945747
58100 0.942599
58600 0.946139
59100 0.942597
59600 0.94396
60100 0.944884
60600 0.946535
61100 0.948486
61600 0.941173
62100 0.945552
62600 0.945487
63100 0.94584
63600 0.947465
64100 0.945476
64600 0.944911
65100 0.945334
65600 0.946761
66100 0.942814
66600 0.945946
67100 0.943107
67600 0.940625
68100 0.942695
68600 0.943477
69100 0.946527
69600 0.941828
70100 0.945453
70600 0.944989
71100 0.938397
71600 0.943052
72100 0.945336
72600 0.945265
73100 0.945657
73600 0.950221
74100 0.944551
74600 0.943683
75100 0.942726
75600 0.94461
76100 0.946239
76600 0.948613
77100 0.942996
77600 0.945764
78100 0.942045
78600 0.948092
79100 0.943916
79600 0.944818
80100 0.946411
80600 0.944169
81100 0.945823
81600 0.942708
82100 0.942981
82600 0.945067
83100 0.946345
83600 0.945798
84100 0.943653
84600 0.947311
85100 0.948135
85600 0.941311
86100 0.94232
86600 0.942725
87100 0.946398
87600 0.941966
88100 0.942934
88600 0.944709
89100 0.941456
89600 0.946191
90100 0.944853
90600 0.941542
91100 0.942055
91600 0.945701
92100 0.943255
92600 0.944587
93100 0.94322
93600 0.945833
94100 0.942667
94600 0.945098
95100 0.943862
95600 0.94762
96100 0.946891
96600 0.949806
97100 0.942984
97600 0.944365
98100 0.945336
98600 0.942825
99100 0.947843
99600 0.94877
